"HOME","HPTS","H2PM","H2PA","H3PM","H3PA","HFTM","HFTA","HORB","HDRB","HAST","HSTL","HTOV","HBLK","HPF","AWAY","APTS","A2PM","A2PA","A3PM","A3PA","AFTM","AFTA","AORB","ADRB","AAST","ASTL","ATOV,ABLK","APF"
"LAL",100.93548387096774,32.12903225806452,66.51612903225808,5.935483870967742,19.096774193548388,18.870967741935488,25.838709677419356,10.870967741935484,33.32258064516129,21.806451612903224,12.03225806451613,4.741935483870968,22.032258064516128,"LAL",97.53125,29.84375,67.53125,7.03125,18.84375,16.750000000000004,21.96875,12.125,31.46875,19.96875,7.625,12.8125,4.250000000000001,20.71875
"NOP",102.0,31.666666666666668,64.24242424242425,7.212121212121212,18.999999999999996,17.030303030303024,22.21212121212121,12.151515151515152,32.18181818181818,22.696969696969695,12.757575757575758,7.363636363636363,17.999999999999993,"NOP",97.46875,30.375,63.156249999999986,6.6875,19.40625,16.65625,21.78125,11.21875,31.5,20.84375,6.71875,12.65625,4.687499999999999,19.375
"SAS",105.83870967741936,30.29032258064516,59.483870967741936,9.32258064516129,23.580645161290324,17.290322580645157,23.129032258064516,9.774193548387096,33.96774193548387,25.193548387096776,14.0,5.709677419354839,18.32258064516129,"SAS",97.40625,29.4375,61.90625,7.406249999999999,22.156250000000004,16.3125,20.40625,10.09375,33.249999999999986,22.625,7.375,13.09375,5.218750000000001,20.4375
"BOS",101.65625,30.90625,64.03125,8.3125,24.4375,14.90625,19.5625,11.374999999999998,32.875000000000014,25.0,12.5625,3.90625,20.968749999999993,"BOS",99.93548387096774,30.612903225806452,63.6451612903226,7.838709677419355,24.451612903225808,15.193548387096774,20.29032258064516,11.290322580645162,32.096774193548384,23.548387096774192,8.67741935483871,14.161290322580646,3.5806451612903216,21.032258064516128
"CHA",94.84848484848484,29.90909090909091,66.18181818181817,5.878787878787879,19.121212121212118,17.393939393939394,23.96969696969697,9.93939393939394,34.363636363636374,21.272727272727273,10.636363636363635,6.636363636363637,18.999999999999996,"CHA",95.2,30.7,65.70000000000002,5.7,17.833333333333332,16.7,22.033333333333335,9.966666666666667,33.86666666666668,20.433333333333334,6.4,11.966666666666667,4.333333333333335,18.133333333333336
"DEN",102.61764705882354,29.441176470588236,62.205882352941174,8.058823529411764,24.38235294117647,19.558823529411764,26.147058823529413,12.558823529411764,32.85294117647059,22.029411764705884,13.823529411764707,4.61764705882353,22.764705882352942,"DEN",97.16129032258065,29.70967741935484,62.58064516129032,7.225806451612903,24.096774193548388,16.06451612903226,22.354838709677416,11.774193548387096,32.161290322580655,21.258064516129032,7.612903225806452,13.64516129032258,4.903225806451613,22.870967741935484
"IND",96.93548387096774,29.580645161290324,62.38709677419355,7.161290322580645,20.322580645161295,16.29032258064516,22.0,10.903225806451612,34.70967741935484,21.354838709677423,12.806451612903226,5.129032258064516,18.774193548387093,"IND",96.0,29.0625,62.34375,7.03125,21.46875,16.78125,21.3125,10.250000000000002,34.3125,21.65625,6.4375,14.15625,3.8750000000000013,22.46875
"MEM",101.12903225806451,33.35483870967743,69.0,5.193548387096774,14.96774193548387,18.838709677419356,23.741935483870968,10.64516129032258,33.61290322580647,21.387096774193548,12.32258064516129,4.806451612903226,18.93548387096774,"MEM",97.45454545454545,32.57575757575758,66.3333333333333,4.9393939393939394,15.333333333333332,17.484848484848484,23.060606060606062,10.0,31.21212121212121,22.393939393939394,9.606060606060604,13.181818181818182,4.0606060606060606,18.848484848484848
"MIA",95.96875,27.28125,54.46875,7.3125,20.812499999999996,19.46875,25.875,8.687500000000002,29.90625,19.125,14.21875,3.90625,20.8125,"MIA",93.125,28.1875,56.90625,6.65625,20.15625,16.781249999999996,22.90625,9.062500000000002,29.53125,21.031250000000004,7.625,13.1875,4.625,19.031250000000004
"NYK",91.41935483870968,28.483870967741936,61.806451612903224,6.967741935483871,20.93548387096774,13.548387096774194,17.70967741935484,11.06451612903226,29.322580645161292,19.838709677419356,13.290322580645162,3.6774193548387095,21.354838709677416,"NYK",92.875,28.53125,62.96875,6.84375,18.9375,15.28125,19.78125,10.468749999999998,29.875,22.5625,6.4375,13.59375,4.875000000000001,23.0
"PHX",105.71875,30.15625,59.40625,9.5625,26.09375,16.718749999999993,21.59375,10.65625,31.71875,20.34375,14.96875,4.750000000000002,21.874999999999996,"PHX",104.11764705882354,30.5,61.470588235294116,8.705882352941176,25.970588235294116,17.000000000000004,21.970588235294116,11.382352941176471,32.26470588235294,20.764705882352942,8.85294117647059,14.382352941176471,4.764705882352941,22.264705882352942
"POR",102.15151515151516,27.818181818181817,58.18181818181818,10.06060606060606,27.96969696969697,16.333333333333332,20.666666666666668,11.606060606060606,36.39393939393939,22.424242424242426,13.484848484848484,5.03030303030303,17.63636363636364,"POR",102.82758620689656,28.482758620689655,58.310344827586206,10.03448275862069,27.517241379310345,15.758620689655173,19.344827586206897,9.96551724137931,34.13793103448277,21.586206896551722,6.586206896551724,13.620689655172415,4.620689655172414,19.689655172413797
"SAC",100.71875,32.15625,66.03125,5.000000000000001,15.531250000000002,21.40625,27.96875,11.09375,33.46875000000001,19.9375,15.8125,3.625,20.999999999999996,"SAC",101.06451612903226,29.806451612903224,63.12903225806452,5.709677419354839,16.516129032258064,24.322580645161292,30.93548387096774,11.03225806451613,33.67741935483871,19.516129032258064,6.709677419354839,15.903225806451614,4.193548387096774,21.06451612903226
"TOR",103.03125,28.28125,56.5,9.218749999999996,25.5625,18.8125,23.875,10.5,31.84375,21.59375,12.84375,4.625000000000002,20.09375,"TOR",105.875,30.5625,61.5,8.34375,25.0,19.71875,25.1875,11.46875,29.03125,19.875,8.28125,11.4375,4.375000000000002,22.25
"UTA",96.26666666666667,29.1,58.7,7.033333333333333,21.633333333333333,16.966666666666672,23.033333333333335,12.033333333333333,31.933333333333334,18.6,13.266666666666667,6.1,19.666666666666668,"UTA",93.9090909090909,27.606060606060606,57.63636363636363,7.2727272727272725,20.15151515151515,16.878787878787875,23.181818181818183,11.484848484848484,31.757575757575758,21.454545454545453,7.363636363636363,15.242424242424242,5.787878787878788,18.48484848484848
"CLE",103.54545454545455,28.393939393939394,55.303030303030305,9.575757575757574,25.424242424242426,18.030303030303024,23.636363636363637,10.787878787878787,32.515151515151516,24.03030303030303,13.606060606060606,4.454545454545454,17.545454545454547,"CLE",102.24242424242425,27.575757575757574,55.72727272727273,9.454545454545455,27.96969696969697,18.727272727272727,24.96969696969697,11.818181818181818,31.303030303030305,19.727272727272727,7.575757575757576,13.06060606060606,3.8181818181818183,19.48484848484848
"DAL",105.65625,31.0,59.0,8.625000000000002,25.28125,17.78125,23.34375,10.53125,31.21875,21.84375,12.53125,5.09375,19.499999999999996,"DAL",102.94117647058823,29.264705882352942,59.5,9.676470588235293,27.147058823529413,15.382352941176471,20.235294117647054,10.441176470588236,31.91176470588235,22.764705882352942,7.970588235294118,11.882352941176471,4.411764705882353,19.764705882352942
"LAC",106.48484848484848,28.696969696969695,55.18181818181818,10.181818181818182,27.0,18.545454545454547,26.242424242424242,9.121212121212121,34.15151515151516,26.393939393939394,12.272727272727273,5.7272727272727275,20.363636363636363,"LAC",105.9375,30.03125,58.5,9.4375,26.125,17.5625,24.09375,9.96875,31.3125,22.250000000000004,7.875,11.000000000000002,4.031250000000001,22.21875
"MIN",97.21212121212122,31.96969696969697,70.27272727272725,4.606060606060606,14.393939393939394,19.454545454545453,25.393939393939394,12.545454545454545,29.96969696969697,21.636363636363637,13.454545454545455,3.9696969696969697,18.96969696969697,"MIN",98.03333333333333,31.53333333333334,68.56666666666666,5.066666666666666,15.2,19.766666666666666,26.033333333333335,11.866666666666667,29.433333333333334,22.166666666666668,8.133333333333333,14.666666666666666,3.7333333333333334,19.933333333333334
"ORL",97.09375,30.46875,62.46875,7.0625,19.90625,14.96875,20.5,9.75,32.281250000000014,20.75,14.59375,3.875,21.375,"ORL",94.3529411764706,30.323529411764707,62.8235294117647,6.764705882352941,19.029411764705884,13.411764705882353,18.294117647058822,9.058823529411764,31.147058823529413,20.0,7.735294117647059,14.058823529411764,3.735294117647059,20.91176470588235
"CHI",101.91176470588235,29.38235294117647,62.794117647058826,7.794117647058823,22.11764705882353,19.764705882352942,25.205882352941178,13.294117647058824,32.73529411764706,22.61764705882353,12.823529411764707,6.911764705882353,18.0,"CHI",99.96875,28.40625,60.09375,7.625,21.375,20.28125,25.75,10.875,35.375,20.53125,6.3125,14.125,5.125,18.5
"MIL",98.16129032258064,30.096774193548388,62.29032258064516,7.129032258064516,18.129032258064516,16.580645161290324,21.096774193548388,11.096774193548388,31.806451612903235,24.0,16.354838709677413,5.225806451612903,20.967741935483872,"MIL",97.3030303030303,30.87878787878788,62.84848484848485,6.757575757575758,19.060606060606062,15.272727272727272,20.242424242424242,9.212121212121215,30.848484848484848,22.757575757575758,9.969696969696969,15.696969696969697,4.454545454545453,22.848484848484848
"ATL",103.26470588235294,27.88235294117647,54.26470588235294,10.264705882352942,26.61764705882353,16.705882352941178,21.41176470588235,8.911764705882353,32.411764705882355,26.61764705882353,13.470588235294118,4.411764705882352,17.11764705882353,"ATL",102.3,27.866666666666667,56.1,9.766666666666664,25.433333333333334,17.266666666666666,22.2,8.333333333333332,32.0,24.46666666666666,8.7,13.866666666666667,5.066666666666665,18.6
"DET",100.12121212121212,28.151515151515152,60.303030303030305,8.696969696969699,25.363636363636363,17.727272727272727,25.03030303030303,12.636363636363637,31.757575757575758,22.333333333333332,12.151515151515152,4.363636363636362,18.666666666666668,"DET",95.90322580645162,28.612903225806452,62.096774193548384,7.967741935483871,24.483870967741936,14.774193548387096,20.903225806451612,13.516129032258064,33.129032258064505,19.774193548387096,8.032258064516132,13.870967741935484,4.709677419354839,19.612903225806452
"GSW",113.23333333333333,31.633333333333333,58.666666666666664,11.433333333333334,27.733333333333334,15.666666666666664,20.4,9.666666666666668,34.5,29.466666666666665,14.233333333333333,5.966666666666667,18.866666666666667,"GSW",106.21212121212122,30.0,60.36363636363637,9.909090909090908,26.696969696969695,16.484848484848488,21.484848484848484,10.878787878787879,34.51515151515152,24.696969696969695,9.303030303030301,14.666666666666666,6.2727272727272725,20.606060606060606
"HOU",101.3030303030303,24.515151515151516,50.24242424242424,11.484848484848484,33.54545454545455,17.818181818181817,24.848484848484848,11.969696969696969,32.03030303030303,21.575757575757574,15.878787878787879,5.030303030303029,21.454545454545453,"HOU",105.29032258064517,26.258064516129032,51.225806451612904,11.774193548387096,33.61290322580645,17.451612903225808,24.258064516129032,12.193548387096774,31.35483870967742,22.548387096774192,8.70967741935484,16.48387096774194,4.548387096774195,23.161290322580644
"OKC",104.9,31.7,64.00000000000001,7.4,22.333333333333332,19.3,24.366666666666667,12.633333333333333,36.13333333333333,21.1,14.366666666666667,6.633333333333334,22.666666666666668,"OKC",100.11764705882354,30.08823529411765,63.05882352941177,7.4411764705882355,22.647058823529413,17.61764705882353,23.941176470588236,11.941176470588236,34.352941176470594,20.264705882352946,6.676470588235294,13.735294117647058,5.529411764705882,21.764705882352942
"PHI",94.25,25.875,56.09375,8.375,25.40625,17.375,24.5625,11.28125,32.03125,22.75,17.0,6.46875,21.53125,"PHI",87.12499999999999,24.375,56.125,7.6875,25.0,15.312500000000002,23.75,12.0,30.40625,18.125,9.9375,18.125000000000004,5.4375,20.78125
"WAS",101.65625,32.90625,66.25000000000001,6.34375,16.71875,16.812499999999996,21.874999999999996,10.65625,34.4375,25.28125,15.1875,5.156249999999999,20.90625,"WAS",95.06250000000001,31.937500000000004,65.37500000000003,5.53125,16.625,14.59375,20.25,10.468750000000002,32.78124999999999,22.84375,6.375,13.90625,4.15625,21.25
"BKN",96.03333333333333,30.066666666666666,61.96666666666667,6.566666666666666,20.3,16.2,22.366666666666667,10.0,32.3,20.366666666666667,13.866666666666667,3.4,20.066666666666666,"BKN",96.48484848484848,29.939393939393938,61.60606060606061,6.696969696969697,20.242424242424242,16.515151515151512,21.757575757575754,10.515151515151516,31.515151515151516,20.272727272727273,6.96969696969697,14.0,4.818181818181818,19.87878787878788
